Postcode District,All usual residents,Males,Females
AL1,36180,17993,18187
AL10,35900,18327,17573
AL2,23604,11596,12008
AL3,28462,13830,14632
AL4,27268,13388,13880
AL5,30240,14773,15467
AL6,11222,5495,5727
AL7,33890,16502,17388
AL8,13252,6245,7007
AL9,10409,4952,5457
B1,7989,4505,3484
B10,25908,13036,12872
B11,44704,22555,22149
B12,20755,10645,10110
B13,36817,18501,18316
B14,43413,21100,22313
B15,18221,9119,9102
B16,23770,12451,11319
B17,25563,12564,12999
B18,16283,8387,7896
B19,20068,10113,9955
B2,616,353,263
B20,34089,17190,16899
B21,30326,15283,15043
B23,42870,20844,22026
B24,28870,14153,14717
B25,16005,7774,8231
B26,32826,16217,16609
B27,24834,12215,12619
B28,30036,14725,15311
B29,42024,20151,21873
B3,2574,1503,1071
B30,29084,13943,15141
B31,54302,26244,28058
B32,38518,18230,20288
B33,34513,16567,17946
B34,19327,9130,10197
B35,9971,4582,5389
B36,34751,16710,18041
B37,35728,17307,18421
B38,21354,10213,11141
B4,4683,2367,2316
B42,24367,11736,12631
B43,28441,13818,14623
B44,37091,17789,19302
B45,30185,14724,15461
B46,12072,5912,6160
B47,9355,4553,4802
B48,5796,2821,2975
B49,10189,4971,5218
B5,11983,6146,5837
B50,5350,2608,2742
B6,19664,9925,9739
B60,27951,13655,14296
B61,23470,11491,11979
B62,24401,11958,12443
B63,36431,17814,18617
B64,16528,8130,8398
B65,23770,11621,12149
B66,21334,10590,10744
B67,30387,14866,15521
B68,30588,14889,15699
B69,28958,14372,14586
B7,8546,4172,4374
B70,27992,14263,13729
B71,30990,15147,15843
B72,9569,4658,4911
B73,22801,11105,11696
B74,32470,15731,16739
B75,26687,12889,13798
B76,21651,10527,11124
B77,57313,28232,29081
B78,24374,12080,12294
B79,22126,10739,11387
B8,41929,21004,20925
B80,7060,3444,3616
B9,24903,12260,12643
B90,45359,21977,23382
B91,33166,16106,17060
B92,37245,18114,19131
B93,19706,9569,10137
B94,7380,3682,3698
B95,5663,2725,2938
B96,5073,2475,2598
B97,33494,17037,16457
B98,50058,25022,25036
BA1,40723,19951,20772
BA10,3739,1820,1919
BA11,32454,15820,16634
BA12,28508,13799,14709
BA13,20224,9806,10418
BA14,48138,23548,24590
BA15,13139,6211,6928
BA16,13041,6376,6665
BA2,73752,36099,37653
BA20,10865,5376,5489
BA21,33619,16478,17141
BA22,18166,9428,8738
BA3,34710,17175,17535
BA4,17775,8888,8887
BA5,17534,8291,9243
BA6,12870,6246,6624
BA7,3514,1653,1861
BA8,4153,2047,2106
BA9,7242,3506,3736
BB1,66545,33266,33279
BB10,37432,18490,18942
BB11,22221,10852,11369
BB12,34613,17005,17608
BB18,17179,8486,8693
BB2,59924,29891,30033
BB3,34503,17062,17441
BB4,41401,20306,21095
BB5,61102,30208,30894
BB6,14659,7265,7394
BB7,31699,15595,16104
BB8,23041,11283,11758
BB9,44598,21935,22663
BD1,3836,2252,1584
BD10,25882,12605,13277
BD11,11355,5518,5837
BD12,16685,8129,8556
BD13,24979,12157,12822
BD14,8871,3966,4905
BD15,15316,7374,7942
BD16,25803,12704,13099
BD17,17901,8743,9158
BD18,27258,13334,13924
BD19,22019,10862,11157
BD2,28566,13881,14685
BD20,35315,17020,18295
BD21,27133,13537,13596
BD22,29849,14503,15346
BD23,29329,14135,15194
BD24,5131,2500,2631
BD3,34021,17110,16911
BD4,31218,15206,16012
BD5,31641,16085,15556
BD6,30072,14410,15662
BD7,35345,18008,17337
BD8,31502,15904,15598
BD9,29309,14566,14743
BH1,19304,10375,8929
BH10,20062,9753,10309
BH11,19910,9668,10242
BH12,35271,17389,17882
BH13,8321,4045,4276
BH14,23432,11535,11897
BH15,33052,16095,16957
BH16,15835,7687,8148
BH17,22983,11150,11833
BH18,11128,5329,5799
BH19,11517,5571,5946
BH2,8345,4393,3952
BH20,19954,9892,10062
BH21,40571,19606,20965
BH22,26791,12719,14072
BH23,52818,25308,27510
BH24,23595,11339,12256
BH25,25717,11937,13780
BH3,5740,2892,2848
BH31,13360,6481,6879
BH4,9382,4626,4756
BH5,11246,5803,5443
BH6,22199,10638,11561
BH7,11820,5839,5981
BH8,28015,13941,14074
BH9,31619,15529,16090
BL0,17753,8616,9137
BL1,63799,31851,31948
BL2,45533,22014,23519
BL3,64278,32162,32116
BL4,33450,16311,17139
BL5,27040,13325,13715
BL6,29428,14446,14982
BL7,14959,7336,7623
BL8,35797,17554,18243
BL9,48222,23825,24397
BN1,84775,42558,42217
BN10,18579,9027,9552
BN11,33278,16019,17259
BN12,20127,9421,10706
BN13,27536,13313,14223
BN14,30736,14886,15850
BN15,27371,13210,14161
BN16,28334,13100,15234
BN17,28292,13724,14568
BN18,13468,6680,6788
BN2,92743,46299,46444
BN20,20951,9739,11212
BN21,25775,12470,13305
BN22,32246,15425,16821
BN23,28302,13653,14649
BN24,9291,4448,4843
BN25,23571,11266,12305
BN26,11426,5370,6056
BN27,26842,12780,14062
BN3,79513,39343,40170
BN41,20915,10113,10802
BN42,9991,4827,5164
BN43,22492,10834,11658
BN44,10125,4782,5343
BN45,669,343,326
BN5,7106,3338,3768
BN6,17400,8341,9059
BN7,21190,10349,10841
BN8,16310,7979,8331
BN9,13477,6709,6768
BR1,56331,26597,29734
BR2,44840,21661,23179
BR3,47324,22815,24509
BR4,18986,9142,9844
BR5,45712,21634,24078
BR6,46828,22593,24235
BR7,17300,8306,8994
BR8,21972,10617,11355
BS1,11991,6504,5487
BS10,27605,13207,14398
BS11,17354,8403,8951
BS13,29585,14069,15516
BS14,28155,13661,14494
BS15,47327,23189,24138
BS16,75908,37529,38379
BS2,15599,8253,7346
BS20,30003,14789,15214
BS21,23283,11215,12068
BS22,37442,18175,19267
BS23,33996,16594,17402
BS24,18841,9062,9779
BS25,6232,2995,3237
BS26,5127,2528,2599
BS27,7081,3375,3706
BS28,3318,1633,1685
BS29,2919,1410,1509
BS3,36761,18338,18423
BS30,30360,14947,15413
BS31,20000,9616,10384
BS32,24758,12396,12362
BS34,29790,14958,14832
BS35,21640,10723,10917
BS36,15443,7603,7840
BS37,38061,18770,19291
BS39,15463,7598,7865
BS4,47959,23608,24351
BS40,12786,6241,6545
BS41,6083,2987,3096
BS48,23408,11353,12055
BS49,11951,5764,6187
BS5,52343,26311,26032
BS6,33681,17404,16277
BS7,40933,20795,20138
BS8,26102,13596,12506
BS9,30953,14742,16211
CA1,24260,11872,12388
CA10,13623,6810,6813
CA11,22359,10994,11365
CA12,8026,3943,4083
CA13,15006,7371,7635
CA14,35799,17592,18207
CA15,16218,7992,8226
CA16,6175,3054,3121
CA17,4873,2421,2452
CA18,328,167,161
CA19,1069,554,515
CA2,39435,19176,20259
CA20,3355,1708,1647
CA21,1017,526,491
CA22,8887,4380,4507
CA23,1424,738,686
CA24,1266,664,602
CA25,6183,3091,3092
CA26,3868,1903,1965
CA27,1644,854,790
CA28,28592,14242,14350
CA3,14015,6753,7262
CA4,9679,4704,4975
CA5,7114,3520,3594
CA6,9094,4579,4515
CA7,22533,11023,11510
CA8,10314,5102,5212
CA9,2088,1013,1075
CB1,49238,24696,24542
CB10,13497,6740,6757
CB11,18047,8864,9183
CB2,18538,9777,8761
CB21,15626,7641,7985
CB22,24025,11838,12187
CB23,30885,15275,15610
CB24,33040,16339,16701
CB25,18264,9175,9089
CB3,16270,8168,8102
CB4,41898,21234,20664
CB5,11036,5661,5375
CB6,38375,18996,19379
CB7,26616,13239,13377
CB8,33241,17088,16153
CB9,32871,16315,16556
CH1,30560,14777,15783
CH2,34321,16664,17657
CH3,32010,15574,16436
CH4,32297,15848,16449
CH41,18667,9064,9603
CH42,31056,14934,16122
CH43,38916,18787,20129
CH44,29914,14652,15262
CH45,30855,14938,15917
CH46,25480,12243,13237
CH47,10909,5196,5713
CH48,15206,7237,7969
CH49,28777,13569,15208
CH5,42525,21088,21437
CH6,17118,8425,8693
CH60,13084,6260,6824
CH61,17590,8362,9228
CH62,28732,13913,14819
CH63,30597,14692,15905
CH64,18921,9094,9827
CH65,26371,12885,13486
CH66,35092,17104,17988
CH7,50066,24554,25512
CH8,20679,10290,10389
CM0,16003,7979,8024
CM1,62862,30813,32049
CM11,19001,9312,9689
CM12,19822,9672,10150
CM13,24494,11814,12680
CM14,19746,9575,10171
CM15,23406,11374,12032
CM16,22096,10639,11457
CM17,21296,10253,11043
CM18,24425,11746,12679
CM19,18811,9252,9559
CM2,58252,28777,29475
CM20,21400,10378,11022
CM21,10838,5349,5489
CM22,13232,6534,6698
CM23,40615,19875,20740
CM24,6669,3346,3323
CM3,54108,26797,27311
CM4,10181,4884,5297
CM5,10581,5178,5403
CM6,25184,12349,12835
CM7,48743,23919,24824
CM77,15395,7517,7878
CM8,32807,16052,16755
CM9,33525,16439,17086
CO1,14988,7384,7604
CO10,46329,22626,23703
CO11,12950,6283,6667
CO12,22215,10834,11381
CO13,12110,5628,6482
CO14,6735,3018,3717
CO15,43054,20355,22699
CO16,24196,11661,12535
CO2,35114,17943,17171
CO3,28117,13636,14481
CO4,48002,23527,24475
CO5,28199,13706,14493
CO6,28893,14108,14785
CO7,32953,16238,16715
CO8,2303,1138,1165
CO9,25260,12445,12815
CR0,154233,74943,79290
CR2,48467,23633,24834
CR3,28539,13790,14749
CR4,58802,28837,29965
CR5,28862,14045,14817
CR6,9843,4740,5103
CR7,44691,21459,23232
CR8,32545,15837,16708
CT1,30755,14971,15784
CT10,24903,11787,13116
CT11,29206,14226,14980
CT12,17826,8566,9260
CT13,8901,4281,4620
CT14,35056,16870,18186
CT15,13238,6575,6663
CT16,19623,9702,9921
CT17,22086,11086,11000
CT18,13909,6791,7118
CT19,28867,14001,14866
CT2,30718,14749,15969
CT20,22470,11691,10779
CT21,17147,8060,9087
CT3,17284,8409,8875
CT4,16633,8068,8565
CT5,33068,15699,17369
CT6,38563,18507,20056
CT7,11459,5358,6101
CT8,7338,3432,3906
CT9,43454,21186,22268
CV1,31181,16978,14203
CV10,49883,24466,25417
CV11,39428,19566,19862
CV12,31606,15442,16164
CV13,10714,5342,5372
CV2,63206,31071,32135
CV21,35590,17973,17617
CV22,35333,17284,18049
CV23,21836,11364,10472
CV3,63323,31228,32095
CV31,31530,16199,15331
CV32,32696,16193,16503
CV33,6103,3000,3103
CV34,31345,15553,15792
CV35,24609,11946,12663
CV36,9286,4457,4829
CV37,40998,19845,21153
CV4,33370,16506,16864
CV47,16967,8396,8571
CV5,45968,22814,23154
CV6,86522,42368,44154
CV7,28078,13791,14287
CV8,31031,15248,15783
CV9,21204,10453,10751
CW1,42379,20870,21509
CW10,14361,7099,7262
CW11,22615,11082,11533
CW12,29225,14400,14825
CW2,41120,20510,20610
CW3,9079,4421,4658
CW4,9378,4589,4789
CW5,29281,14273,15008
CW6,12160,5922,6238
CW7,31454,15250,16204
CW8,35290,17259,18031
CW9,33147,16499,16648
DA1,52687,25931,26756
DA10,6746,3348,3398
DA11,38059,18825,19234
DA12,47392,23371,24021
DA13,14449,7066,7383
DA14,21183,9820,11363
DA15,29427,14255,15172
DA16,35912,17340,18572
DA17,17104,8223,8881
DA18,4939,2397,2542
DA2,22994,11242,11752
DA3,16748,8084,8664
DA4,9062,4374,4688
DA5,20824,10234,10590
DA6,9846,4803,5043
DA7,35540,17121,18419
DA8,34559,16637,17922
DA9,13089,6622,6467
DE1,13807,7572,6235
DE11,43809,21789,22020
DE12,20462,10202,10260
DE13,40596,19674,20922
DE14,28844,14564,14280
DE15,24192,11812,12380
DE21,57016,27844,29172
DE22,46544,23113,23431
DE23,59900,29744,30156
DE24,54523,26748,27775
DE3,17008,8209,8799
DE4,33166,16359,16807
DE45,8676,4087,4589
DE5,22033,10830,11203
DE55,51224,25285,25939
DE56,40374,19838,20536
DE6,25593,12828,12765
DE65,23456,11611,11845
DE7,49916,24497,25419
DE72,20225,9808,10417
DE73,19052,9337,9715
DE74,11491,5762,5729
DE75,18713,9233,9480
DH1,49865,25044,24821
DH2,30427,14772,15655
DH3,25904,12454,13450
DH4,33471,16237,17234
DH5,19534,9434,10100
DH6,33392,16529,16863
DH7,41375,20183,21192
DH8,38551,18879,19672
DH9,36692,17959,18733
DL1,46371,22582,23789
DL10,18424,9195,9229
DL11,5308,2663,2645
DL12,12407,6229,6178
DL13,14158,7035,7123
DL14,37072,17857,19215
DL15,22497,11038,11459
DL16,19816,9745,10071
DL17,17672,8623,9049
DL2,16980,8297,8683
DL3,44712,21817,22895
DL4,9976,4856,5120
DL5,29340,14176,15164
DL6,15515,7677,7838
DL7,16218,8130,8088
DL8,18650,9216,9434
DL9,15859,9389,6470
DN1,8735,4741,3994
DN10,12086,5999,6087
DN11,28352,13674,14678
DN12,24119,11706,12413
DN14,46242,22767,23475
DN15,36603,18434,18169
DN16,31667,15454,16213
DN17,37188,18353,18835
DN18,11717,5691,6026
DN19,6282,3136,3146
DN2,24551,11948,12603
DN20,19187,9399,9788
DN21,37221,18206,19015
DN22,36086,18371,17715
DN3,30069,14671,15398
DN31,9619,4763,4856
DN32,30257,15324,14933
DN33,19538,9387,10151
DN34,19001,9165,9836
DN35,34561,16794,17767
DN36,19103,9344,9759
DN37,21745,10618,11127
DN38,3023,1467,1556
DN39,2846,1389,1457
DN4,53415,26254,27161
DN40,12299,6033,6266
DN41,6266,3067,3199
DN5,40864,20058,20806
DN6,31148,15288,15860
DN7,24610,13038,11572
DN8,17295,8398,8897
DN9,20018,9753,10265
DT1,19060,9215,9845
DT10,11841,5826,6015
DT11,30156,15305,14851
DT2,24826,12176,12650
DT3,23138,11267,11871
DT4,37293,18331,18962
DT5,12844,6797,6047
DT6,21559,10218,11341
DT7,5696,2628,3068
DT8,6000,2891,3109
DT9,20790,9965,10825
DY1,32131,15861,16270
DY10,35814,17714,18100
DY11,30077,14845,15232
DY12,12305,6129,6176
DY13,22209,10850,11359
DY14,8529,4279,4250
DY2,34461,16988,17473
DY3,33730,16449,17281
DY4,42846,21192,21654
DY5,41898,20776,21122
DY6,27489,13461,14028
DY7,8300,4011,4289
DY8,50737,24963,25774
DY9,30072,14761,15311
E1,70389,36783,33606
E10,43120,21750,21370
E11,54689,27664,27025
E12,42606,22387,20219
E13,47169,24462,22707
E14,82638,42838,39800
E15,51650,26642,25008
E16,45371,22746,22625
E17,103129,51599,51530
E18,19864,9657,10207
E1W,12428,6758,5670
E2,45811,23220,22591
E3,52371,26264,26107
E4,60357,29046,31311
E5,48492,23780,24712
E6,78790,41017,37773
E7,54133,29083,25050
E8,39260,19502,19758
E9,37768,18422,19346
EC1A,894,507,387
EC1M,2473,1326,1147
EC1N,2650,1397,1253
EC1R,4885,2564,2321
EC1V,12765,6513,6252
EC1Y,3767,1966,1801
EC2A,1229,735,494
EC2Y,3249,1727,1522
EC3R,227,149,78
EC4A,151,90,61
EC4V,595,357,238
EC4Y,320,196,124
EN1,44997,21637,23360
EN10,17036,8260,8776
EN11,21451,10515,10936
EN2,29709,14393,15316
EN3,57073,27216,29857
EN4,25578,12458,13120
EN5,38071,18205,19866
EN6,29010,13778,15232
EN7,22050,10687,11363
EN8,35826,17178,18648
EN9,23633,11572,12061
EX1,21521,10507,11014
EX10,17207,7964,9243
EX11,7795,3733,4062
EX12,9416,4390,5026
EX13,11329,5463,5866
EX14,20687,9952,10735
EX15,21313,10471,10842
EX16,32440,15878,16562
EX17,19539,9597,9942
EX18,3117,1531,1586
EX19,3525,1740,1785
EX2,40698,19669,21029
EX20,19966,9850,10116
EX21,4620,2279,2341
EX22,10745,5300,5445
EX23,15704,7629,8075
EX24,3789,1799,1990
EX3,4940,2267,2673
EX31,25475,12531,12944
EX32,23778,11498,12280
EX33,10224,4930,5294
EX34,17306,8421,8885
EX35,1647,791,856
EX36,8477,4103,4374
EX37,3362,1655,1707
EX38,8132,3920,4212
EX39,37163,18070,19093
EX4,54711,26744,27967
EX5,18568,8971,9597
EX6,13673,6665,7008
EX7,12432,5869,6563
EX8,37449,18142,19307
EX9,6763,3088,3675
FY1,33634,17445,16189
FY2,24559,11979,12580
FY3,31955,15442,16513
FY4,43664,21087,22577
FY5,44816,21383,23433
FY6,28003,13519,14484
FY7,25939,12656,13283
FY8,44053,21131,22922
GL1,34152,17402,16750
GL10,13953,6905,7048
GL11,18139,8949,9190
GL12,15045,7601,7444
GL13,5863,2917,2946
GL14,15722,7796,7926
GL15,20743,10158,10585
GL16,13381,6547,6834
GL17,11180,5536,5644
GL18,7493,3657,3836
GL19,9803,4806,4997
GL2,51819,25417,26402
GL20,28233,14055,14178
GL3,30492,14814,15678
GL4,47808,23346,24462
GL5,31040,15373,15667
GL50,22496,10917,11579
GL51,51520,25184,26336
GL52,43265,21059,22206
GL53,19755,9554,10201
GL54,22146,10733,11413
GL55,5422,2570,2852
GL56,8403,3999,4404
GL6,24460,11794,12666
GL7,42280,20616,21664
GL8,8541,4117,4424
GL9,2667,1320,1347
GU1,29169,14832,14337
GU10,22238,10920,11318
GU11,23292,11981,11311
GU12,31479,15605,15874
GU14,54994,27085,27909
GU15,34778,17467,17311
GU16,23767,11814,11953
GU17,11101,5553,5548
GU18,6791,3307,3484
GU19,5592,2791,2801
GU2,34172,17102,17070
GU20,4392,2185,2207
GU21,49738,24688,25050
GU22,33400,16679,16721
GU23,6869,3274,3595
GU24,17845,9327,8518
GU25,5448,2659,2789
GU26,7475,3583,3892
GU27,17725,8544,9181
GU28,6650,3188,3462
GU29,9094,4267,4827
GU3,11071,5382,5689
GU30,9081,4410,4671
GU31,11223,5383,5840
GU32,11969,5763,6206
GU33,8442,3998,4444
GU34,29783,14556,15227
GU35,23068,11512,11556
GU4,15894,7590,8304
GU46,14829,7243,7586
GU47,18862,9291,9571
GU5,11220,5350,5870
GU51,23604,11664,11940
GU52,15953,7835,8118
GU6,14204,6934,7270
GU7,22824,11362,11462
GU8,17648,8628,9020
GU9,29684,14413,15271
HA0,48358,24994,23364
HA1,39209,20001,19208
HA2,55268,27267,28001
HA3,69554,34305,35249
HA4,50175,24482,25693
HA5,44985,21705,23280
HA6,21984,10546,11438
HA7,37197,17999,19198
HA8,66378,32374,34004
HA9,47845,24557,23288
HD1,22962,12166,10796
HD2,29503,14468,15035
HD3,29289,14179,15110
HD4,30275,14874,15401
HD5,31056,15119,15937
HD6,27344,13436,13908
HD7,22676,11212,11464
HD8,34320,16927,17393
HD9,35389,17392,17997
HG1,34201,16755,17446
HG2,33473,15853,17620
HG3,26400,12936,13464
HG4,25852,12845,13007
HG5,18417,8964,9453
HP1,24413,11983,12430
HP10,18965,9182,9783
HP11,13505,6572,6933
HP12,22822,11510,11312
HP13,43059,21506,21553
HP14,17723,8841,8882
HP15,17428,8437,8991
HP16,11846,5738,6108
HP17,10044,4875,5169
HP18,13522,6890,6632
HP19,23757,11749,12008
HP2,38432,18830,19602
HP20,14908,7567,7341
HP21,33355,16507,16848
HP22,24698,11945,12753
HP23,17459,8461,8998
HP27,12211,5883,6328
HP3,32094,16207,15887
HP4,23973,11661,12312
HP5,25390,12575,12815
HP6,14150,6815,7335
HP7,10625,5179,5446
HP8,6819,3306,3513
HP9,17153,8318,8835
HR1,31885,15658,16227
HR2,39121,19363,19758
HR3,7756,3820,3936
HR4,30339,15105,15234
HR5,4670,2255,2415
HR6,20493,10040,10453
HR7,7155,3534,3621
HR8,14015,6849,7166
HR9,21059,10268,10791
HU1,3294,1997,1297
HU10,19057,9217,9840
HU11,11858,5839,6019
HU12,25596,12602,12994
HU13,15000,7222,7778
HU14,8278,4073,4205
HU15,24147,12154,11993
HU16,16466,7897,8569
HU17,43499,21061,22438
HU18,8774,4234,4540
HU19,7135,3558,3577
HU2,4017,2214,1803
HU20,1015,478,537
HU3,27335,14425,12910
HU4,23208,11268,11940
HU5,51064,25772,25292
HU6,33975,16760,17215
HU7,42282,20710,21572
HU8,34815,17085,17730
HU9,42408,21104,21304
HX1,24131,12177,11954
HX2,35876,17363,18513
HX3,45943,22415,23528
HX4,12176,5934,6242
HX5,10261,4948,5313
HX6,18688,9187,9501
HX7,13303,6384,6919
IG1,64550,32854,31696
IG10,31527,15213,16314
IG11,53359,26882,26477
IG2,28968,14379,14589
IG3,36068,18346,17722
IG4,8912,4438,4474
IG5,17014,8316,8698
IG6,26769,12903,13866
IG7,20397,9770,10627
IG8,35245,17153,18092
IG9,12885,6162,6723
IP1,39543,19978,19565
IP10,3058,1530,1528
IP11,29296,14135,15161
IP12,24397,12138,12259
IP13,18132,8863,9269
IP14,39003,19139,19864
IP15,2466,1115,1351
IP16,6546,3166,3380
IP17,10784,5199,5585
IP18,4060,1840,2220
IP19,10281,5006,5275
IP2,31133,15429,15704
IP20,7792,3791,4001
IP21,11220,5599,5621
IP22,21876,10691,11185
IP23,7010,3431,3579
IP24,27825,13811,14014
IP25,18213,9315,8898
IP26,8945,4438,4507
IP27,19013,9741,9272
IP28,24498,12299,12199
IP29,9017,4430,4587
IP3,34573,17099,17474
IP30,13574,6702,6872
IP31,21299,10830,10469
IP32,17091,8481,8610
IP33,24205,11813,12392
IP4,36366,17987,18379
IP5,19649,9621,10028
IP6,16179,7965,8214
IP7,16621,8530,8091
IP8,10920,5391,5529
IP9,11349,5577,5772
KT1,23898,11771,12127
KT10,20893,10168,10725
KT11,14980,7268,7712
KT12,36834,17790,19044
KT13,21292,10393,10899
KT14,13350,6444,6906
KT15,27373,13368,14005
KT16,18462,9098,9364
KT17,23302,11351,11951
KT18,17445,8266,9179
KT19,34098,16667,17431
KT2,30450,14881,15569
KT20,20559,10009,10550
KT21,13726,6592,7134
KT22,24154,11978,12176
KT23,10694,5076,5618
KT24,9515,4551,4964
KT3,38508,18712,19796
KT4,28910,14158,14752
KT5,20419,10143,10276
KT6,31422,15426,15996
KT7,10365,4994,5371
KT8,19646,9486,10160
KT9,21369,10369,11000
L1,7074,3944,3130
L10,15093,7257,7836
L11,25226,11643,13583
L12,31797,15224,16573
L13,30565,15025,15540
L14,25142,11657,13485
L15,30009,15039,14970
L16,15115,7185,7930
L17,24159,12144,12015
L18,28413,13774,14639
L19,23729,11595,12134
L2,566,334,232
L20,31565,15306,16259
L21,25556,12237,13319
L22,13793,6827,6966
L23,30221,14281,15940
L24,15964,7517,8447
L25,33447,16076,17371
L26,15150,7361,7789
L27,6427,2924,3503
L28,6274,2973,3301
L29,404,192,212
L3,17830,9565,8265
L30,19872,9327,10545
L31,30801,14985,15816
L32,20447,9613,10834
L33,16939,7838,9101
L34,12015,5852,6163
L35,31064,15063,16001
L36,39929,18784,21145
L37,23542,11248,12294
L38,2579,1253,1326
L39,28676,13690,14986
L4,40268,19519,20749
L40,18033,8912,9121
L5,12448,6154,6294
L6,23727,12120,11607
L7,18006,9252,8754
L8,32577,16980,15597
L9,32637,16954,15683
LA1,52049,25219,26830
LA10,4002,2066,1936
LA11,9673,4632,5041
LA12,20194,9925,10269
LA13,18812,9292,9520
LA14,38513,19066,19447
LA15,7827,3863,3964
LA16,3462,1723,1739
LA17,1174,577,597
LA18,9070,4721,4349
LA19,972,475,497
LA2,22304,10853,11451
LA20,1159,581,578
LA21,928,464,464
LA22,4943,2450,2493
LA23,9137,4440,4697
LA3,24447,11912,12535
LA4,26392,12541,13851
LA5,16416,7878,8538
LA6,12506,6009,6497
LA7,5317,2559,2758
LA8,9008,4448,4560
LA9,30399,14745,15654
LE1,13308,6751,6557
LE10,47474,23419,24055
LE11,60367,31285,29082
LE12,62122,30323,31799
LE13,27158,13313,13845
LE14,17321,8523,8798
LE15,32325,16423,15902
LE16,34975,17424,17551
LE17,20648,10324,10324
LE18,32861,16140,16721
LE19,14762,7248,7514
LE2,119026,58534,60492
LE3,100913,49826,51087
LE4,97057,47572,49485
LE5,85435,42239,43196
LE6,12073,5871,6202
LE65,14025,6862,7163
LE67,58904,29074,29830
LE7,44781,21837,22944
LE8,35013,16942,18071
LE9,55247,27089,28158
LN1,28362,13780,14582
LN10,5985,2889,3096
LN11,28222,13698,14524
LN12,13221,6315,6906
LN13,7766,3765,4001
LN2,38637,18928,19709
LN3,8895,4332,4563
LN4,38658,19118,19540
LN5,32187,15950,16237
LN6,58349,28241,30108
LN7,6070,3010,3060
LN8,17283,8491,8792
LN9,9675,4691,4984
LS1,5759,2891,2868
LS10,35534,17265,18269
LS11,34795,17776,17019
LS12,40949,20616,20333
LS13,35021,16988,18033
LS14,34484,16434,18050
LS15,34991,16849,18142
LS16,36457,17624,18833
LS17,43426,20956,22470
LS18,18895,9109,9786
LS19,19835,9600,10235
LS2,10120,5129,4991
LS20,12663,6151,6512
LS21,17729,8619,9110
LS22,15791,7707,8084
LS23,9207,4806,4401
LS24,11849,5808,6041
LS25,39917,19405,20512
LS26,30021,14500,15521
LS27,35695,17356,18339
LS28,37896,18122,19774
LS29,31456,15050,16406
LS3,2876,1466,1410
LS4,9072,4734,4338
LS5,8507,4243,4264
LS6,48277,23803,24474
LS7,28266,13709,14557
LS8,48286,23745,24541
LS9,36406,18295,18111
LU1,43355,22688,20667
LU2,56890,28332,28558
LU3,60550,29987,30563
LU4,52069,25717,26352
LU5,38285,18840,19445
LU6,30833,15173,15660
LU7,53968,26728,27240
M1,12221,6902,5319
M11,20443,10022,10421
M12,16176,8436,7740
M13,23961,12067,11894
M14,52820,26597,26223
M15,22310,12075,10235
M16,35721,17776,17945
M18,23267,11453,11814
M19,34586,17090,17496
M20,48595,24482,24113
M21,29583,14407,15176
M22,42371,20356,22015
M23,30949,15009,15940
M24,46748,22729,24019
M25,31475,15394,16081
M26,34813,17102,17711
M27,42069,20937,21132
M28,39425,19242,20183
M29,22896,11447,11449
M3,11709,6806,4903
M30,35983,17808,18175
M31,8395,3976,4419
M32,28586,14069,14517
M33,60474,29745,30729
M34,46290,22431,23859
M35,20680,9992,10688
M38,12958,6202,6756
M4,10740,6109,4631
M40,40857,20014,20843
M41,41481,20148,21333
M43,23255,11286,11969
M44,19689,9614,10075
M45,22722,10884,11838
M46,22203,11148,11055
M5,15729,7946,7783
M50,3449,1955,1494
M6,31974,16157,15817
M60,1437,1105,332
M7,27746,13747,13999
M8,31098,15905,15193
M9,39518,19282,20236
ME1,31192,15593,15599
ME10,47582,23303,24279
ME11,3407,1671,1736
ME12,36884,18773,18111
ME13,27959,13525,14434
ME14,31714,16075,15639
ME15,47659,23234,24425
ME16,30046,14678,15368
ME17,22389,11062,11327
ME18,6803,3327,3476
ME19,21797,10646,11151
ME2,39529,19336,20193
ME20,20645,10132,10513
ME3,26184,12856,13328
ME4,30191,15604,14587
ME5,51409,25271,26138
ME6,10211,4941,5270
ME7,51775,25930,25845
ME8,49214,23837,25377
ME9,20553,10156,10397
MK1,585,333,252
MK10,13825,6988,6837
MK11,7736,3776,3960
MK12,12492,6148,6344
MK13,18860,9409,9451
MK14,18700,9162,9538
MK15,7205,3522,3683
MK16,18500,8988,9512
MK17,17229,8469,8760
MK18,30663,15217,15446
MK19,11258,5585,5673
MK2,14316,6917,7399
MK3,22625,10990,11635
MK4,21867,11004,10863
MK40,31009,15761,15248
MK41,42537,20581,21956
MK42,44558,21652,22906
MK43,32983,16524,16459
MK44,15317,7502,7815
MK45,43049,21322,21727
MK46,9126,4423,4703
MK5,15438,7510,7928
MK6,28113,14208,13905
MK7,14559,7154,7405
MK8,12062,6001,6061
MK9,3366,1950,1416
N1,91056,44965,46091
N10,27992,13521,14471
N11,29879,14838,15041
N12,28898,14021,14877
N13,31783,15584,16199
N14,29956,14405,15551
N15,43718,22082,21636
N16,68567,33679,34888
N17,63538,31178,32360
N18,31742,15161,16581
N19,33752,16166,17586
N2,23968,11500,12468
N20,19024,9129,9895
N21,23500,11641,11859
N22,42851,21054,21797
N3,26534,12877,13657
N4,47291,23801,23490
N5,24287,11919,12368
N6,19474,9580,9894
N7,48157,23909,24248
N8,40037,19792,20245
N9,52193,24938,27255
NE1,9051,5169,3882
NE10,36221,17558,18663
NE11,16459,7978,8481
NE12,35096,16903,18193
NE13,12851,6126,6725
NE15,32691,15917,16774
NE16,25674,12567,13107
NE17,4669,2303,2366
NE18,927,447,480
NE19,2273,1132,1141
NE2,29529,15414,14115
NE20,11873,5774,6099
NE21,17276,8311,8965
NE22,17884,8673,9211
NE23,39233,18913,20320
NE24,38076,18537,19539
NE25,29808,14363,15445
NE26,19326,9450,9876
NE27,12024,5751,6273
NE28,44749,21626,23123
NE29,35613,17277,18336
NE3,53050,25975,27075
NE30,22333,10726,11607
NE31,20130,9705,10425
NE32,25389,12257,13132
NE33,27069,13678,13391
NE34,52479,24875,27604
NE35,6428,3152,3276
NE36,6854,3249,3605
NE37,21056,10174,10882
NE38,31101,15214,15887
NE39,8575,4095,4480
NE4,37437,19583,17854
NE40,15635,7495,8140
NE41,2197,1065,1132
NE42,12607,6068,6539
NE43,4523,2197,2326
NE44,966,448,518
NE45,3672,1743,1929
NE46,15537,7457,8080
NE47,7917,3936,3981
NE48,4294,2136,2158
NE49,4344,2132,2212
NE5,49103,23552,25551
NE6,51027,25725,25302
NE61,31269,15291,15978
NE62,9636,4623,5013
NE63,27789,13606,14183
NE64,6308,3034,3274
NE65,20764,10620,10144
NE66,17590,8555,9035
NE67,834,423,411
NE68,1959,953,1006
NE69,414,196,218
NE7,15468,7620,7848
NE70,1754,876,878
NE71,2949,1410,1539
NE8,33430,17348,16082
NE9,37508,18108,19400
NG1,12897,7227,5670
NG10,46649,22965,23684
NG11,37499,18260,19239
NG12,33165,16197,16968
NG13,21384,10782,10602
NG14,19439,9868,9571
NG15,40698,19913,20785
NG16,63551,31397,32154
NG17,72786,35783,37003
NG18,41526,20557,20969
NG19,52276,25526,26750
NG2,58609,29723,28886
NG20,26190,12794,13396
NG21,22181,10830,11351
NG22,26293,12990,13303
NG23,17245,8448,8797
NG24,44805,21920,22885
NG25,8913,4208,4705
NG3,48188,24055,24133
NG31,44341,21493,22848
NG32,12428,6082,6346
NG33,9859,4883,4976
NG34,41202,20045,21157
NG4,40835,20113,20722
NG5,87555,42590,44965
NG6,37485,18052,19433
NG7,58012,31063,26949
NG8,63961,30909,33052
NG9,73213,36136,37077
NN1,29834,15525,14309
NN10,38231,18848,19383
NN11,37442,18485,18957
NN12,23027,11502,11525
NN13,18728,9333,9395
NN14,43269,21315,21954
NN15,33965,16599,17366
NN16,30143,14966,15177
NN17,26709,13191,13518
NN18,32911,16176,16735
NN2,38139,18540,19599
NN29,11520,5717,5803
NN3,68586,33157,35429
NN4,46714,22929,23785
NN5,38050,18531,19519
NN6,33324,16408,16916
NN7,27299,13384,13915
NN8,49047,24075,24972
NN9,26277,13053,13224
NR1,24791,12683,12108
NR10,22812,11598,11214
NR11,17681,8564,9117
NR12,20435,9906,10529
NR13,26689,12966,13723
NR14,23747,11543,12204
NR15,15806,7746,8060
NR16,11953,5870,6083
NR17,15772,7815,7957
NR18,17556,8526,9030
NR19,20359,9904,10455
NR2,25951,12583,13368
NR20,19331,9563,9768
NR21,15815,7692,8123
NR22,819,395,424
NR23,3009,1441,1568
NR24,4462,2191,2271
NR25,8878,4190,4688
NR26,8299,3877,4422
NR27,11733,5602,6131
NR28,17532,8409,9123
NR29,19924,9739,10185
NR3,32971,16484,16487
NR30,30701,15152,15549
NR31,49914,24499,25415
NR32,38657,19066,19591
NR33,39467,19106,20361
NR34,22269,10811,11458
NR35,10894,5303,5591
NR4,21522,10160,11362
NR5,29288,14324,14964
NR6,23908,11712,12196
NR7,31811,15457,16354
NR8,20486,10019,10467
NR9,16845,8172,8673
NW1,60339,29974,30365
NW10,91997,45360,46637
NW11,32684,15755,16929
NW2,66968,33613,33355
NW3,51891,25002,26889
NW4,31932,15823,16109
NW5,31125,14834,16291
NW6,63903,31189,32714
NW7,25670,12292,13378
NW8,34353,16382,17971
NW9,60545,30030,30515
OL1,21480,10574,10906
OL10,27794,13496,14298
OL11,45812,22366,23446
OL12,45667,22582,23085
OL13,15099,7433,7666
OL14,15481,7466,8015
OL15,14461,7051,7410
OL16,37825,18729,19096
OL2,42349,20523,21826
OL3,14997,7415,7582
OL4,45060,22079,22981
OL5,10921,5345,5576
OL6,28793,14429,14364
OL7,16763,8282,8481
OL8,39046,19090,19956
OL9,41285,20482,20803
OX1,25623,13686,11937
OX10,26363,13091,13272
OX11,33102,16343,16759
OX12,25264,12445,12819
OX13,13459,6996,6463
OX14,44510,22057,22453
OX15,18099,8839,9260
OX16,46853,22818,24035
OX17,16975,8243,8732
OX18,25301,12891,12410
OX2,39695,19582,20113
OX20,4734,2212,2522
OX25,9619,5172,4447
OX26,33494,16649,16845
OX27,6517,3170,3347
OX28,27522,13340,14182
OX29,23060,11291,11769
OX3,43437,20755,22682
OX33,7623,3743,3880
OX39,6881,3351,3530
OX4,61972,30556,31416
OX44,8307,4090,4217
OX49,4324,2055,2269
OX5,23419,11545,11874
OX7,22852,11068,11784
OX9,13822,6708,7114
PE1,49173,24726,24447
PE10,21906,10634,11272
PE11,43230,21068,22162
PE12,39782,19469,20313
PE13,34893,17125,17768
PE14,20803,10249,10554
PE15,29915,14752,15163
PE16,10453,5163,5290
PE19,43968,21885,22083
PE2,44540,21870,22670
PE20,13986,6836,7150
PE21,42787,20635,22152
PE22,16919,8559,8360
PE23,8507,4130,4377
PE24,11830,5779,6051
PE25,21638,10396,11242
PE26,11945,5945,6000
PE27,20015,9926,10089
PE28,47574,24178,23396
PE29,29782,14675,15107
PE3,28897,14171,14726
PE30,43989,21507,22482
PE31,20003,9482,10521
PE32,15294,7479,7815
PE33,15945,8103,7842
PE34,14384,7079,7305
PE36,6529,3066,3463
PE37,10224,4828,5396
PE38,14809,7189,7620
PE4,28361,13837,14524
PE5,1589,775,814
PE6,35553,17301,18252
PE7,42311,20747,21564
PE8,17500,8887,8613
PE9,31189,14968,16221
PL1,22698,12011,10687
PL10,3656,1771,1885
PL11,10359,4980,5379
PL12,21787,10643,11144
PL13,9438,4588,4850
PL14,22966,11118,11848
PL15,19907,9683,10224
PL16,1753,878,875
PL17,10022,5005,5017
PL18,4810,2331,2479
PL19,16423,7791,8632
PL2,31458,15625,15833
PL20,12081,6032,6049
PL21,17389,8400,8989
PL22,3695,1752,1943
PL23,3519,1672,1847
PL24,10156,4876,5280
PL25,25551,12317,13234
PL26,26673,13076,13597
PL27,12227,5766,6461
PL28,4434,2114,2320
PL29,1029,505,524
PL3,30951,15006,15945
PL30,10557,5159,5398
PL31,14736,7142,7594
PL32,4326,2091,2235
PL33,1647,803,844
PL34,1782,859,923
PL35,940,455,485
PL4,36464,19131,17333
PL5,42916,20765,22151
PL6,41200,19911,21289
PL7,31474,15175,16299
PL8,5734,2751,2983
PL9,27961,13424,14537
PO1,28841,14920,13921
PO10,18360,8897,9463
PO11,17379,8390,8989
PO12,47846,23781,24065
PO13,34776,16955,17821
PO14,32177,15571,16606
PO15,22884,11276,11608
PO16,32656,16017,16639
PO17,6527,3257,3270
PO18,13017,6261,6756
PO19,30245,14236,16009
PO2,42043,20678,21365
PO20,32121,15300,16821
PO21,40302,19254,21048
PO22,28350,13476,14874
PO3,19286,9573,9713
PO30,30309,15520,14789
PO31,14398,6980,7418
PO32,8101,3902,4199
PO33,31007,14887,16120
PO34,2083,985,1098
PO35,3688,1696,1992
PO36,16958,8145,8813
PO37,9072,4414,4658
PO38,12547,6097,6450
PO39,2645,1263,1382
PO4,44069,22298,21771
PO40,5436,2557,2879
PO41,2021,978,1043
PO5,29923,15759,14164
PO6,40563,19810,20753
PO7,40172,19599,20573
PO8,33840,16506,17334
PO9,48689,23632,25057
PR1,71549,36407,35142
PR2,79208,38912,40296
PR25,30781,14976,15805
PR26,15588,8666,6922
PR3,37971,18533,19438
PR4,57595,28469,29126
PR5,41203,20214,20989
PR6,34691,17050,17641
PR7,55452,27385,28067
PR8,53618,25697,27921
PR9,42900,20482,22418
RG1,42332,22171,20161
RG10,18256,8984,9272
RG12,51883,25585,26298
RG14,37838,18773,19065
RG17,15094,7442,7652
RG18,19056,9310,9746
RG19,17656,8866,8790
RG2,37616,18768,18848
RG20,18884,9376,9508
RG21,26927,13519,13408
RG22,41762,20490,21272
RG23,12269,6050,6219
RG24,31256,15411,15845
RG25,8705,4360,4345
RG26,22133,11085,11048
RG27,21026,10383,10643
RG28,5786,2800,2986
RG29,7143,3805,3338
RG30,44131,21739,22392
RG31,27276,13410,13866
RG4,39134,19081,20053
RG40,26480,13021,13459
RG41,28226,13844,14382
RG42,26041,12776,13265
RG45,14565,7367,7198
RG5,25235,12500,12735
RG6,37937,18983,18954
RG7,31944,16032,15912
RG8,18932,9378,9554
RG9,23154,11266,11888
RH1,46125,22720,23405
RH10,65219,32554,32665
RH11,55816,27433,28383
RH12,43776,21206,22570
RH13,38108,18781,19327
RH14,14087,6920,7167
RH15,31545,15317,16228
RH16,33550,16323,17227
RH17,19263,9477,9786
RH18,4453,2125,2328
RH19,33479,16462,17017
RH2,26229,12685,13544
RH20,24968,12080,12888
RH3,4366,2109,2257
RH4,15479,7454,8025
RH5,16545,8183,8362
RH6,29317,14516,14801
RH7,9222,4473,4749
RH8,15546,7496,8050
RH9,5443,2569,2874
RM1,19610,9526,10084
RM10,38181,18311,19870
RM11,31777,15265,16512
RM12,34240,16499,17741
RM13,28916,14041,14875
RM14,27030,12978,14052
RM15,27446,13579,13867
RM16,41136,20176,20960
RM17,27405,13781,13624
RM18,16664,8095,8569
RM19,6527,3265,3262
RM2,13184,6444,6740
RM20,4877,2517,2360
RM3,40387,19331,21056
RM4,4191,2048,2143
RM5,18344,8720,9624
RM6,32702,15750,16952
RM7,28931,13899,15032
RM8,39073,18595,20478
RM9,36203,17364,18839
S1,10651,5242,5409
S10,47408,23385,24023
S11,34383,17040,17343
S12,34342,16663,17679
S13,30670,14882,15788
S14,9665,4633,5032
S17,15586,7460,8126
S18,24729,12056,12673
S2,44529,22459,22070
S20,31382,15402,15980
S21,21030,10350,10680
S25,21101,10378,10723
S26,25888,12640,13248
S3,19330,10475,8855
S32,5697,2755,2942
S33,4961,2431,2530
S35,41401,20166,21235
S36,27347,13517,13830
S4,14465,7236,7229
S40,35398,17329,18069
S41,36402,17909,18493
S42,28228,13923,14305
S43,40349,19778,20571
S44,21700,10586,11114
S45,13622,6717,6905
S5,59868,28947,30921
S6,58252,28751,29501
S60,37295,18325,18970
S61,35820,17756,18064
S62,19976,9694,10282
S63,38096,18606,19490
S64,30696,15098,15598
S65,35575,17480,18095
S66,46183,22603,23580
S7,17436,8922,8514
S70,38839,19279,19560
S71,44892,22070,22822
S72,25354,12433,12921
S73,27014,13241,13773
S74,17710,8620,9090
S75,43598,21316,22282
S8,46174,22570,23604
S80,30032,14762,15270
S81,37344,18231,19113
S9,28089,14003,14086
SE1,67037,34645,32392
SE10,23987,11944,12043
SE11,21974,11289,10685
SE12,27143,13123,14020
SE13,42278,21311,20967
SE14,24679,12421,12258
SE15,64359,31446,32913
SE16,44957,22288,22669
SE17,33591,16661,16930
SE18,77384,39267,38117
SE19,27650,13388,14262
SE2,27104,13038,14066
SE20,22881,11093,11788
SE21,15259,7395,7864
SE22,29738,14139,15599
SE23,33489,16584,16905
SE24,18914,9218,9696
SE25,34686,16618,18068
SE26,28378,13714,14664
SE27,21836,10481,11355
SE28,29488,14827,14661
SE3,31790,15520,16270
SE4,28723,13838,14885
SE5,46256,22731,23525
SE6,53271,25720,27551
SE7,21139,10276,10863
SE8,27859,13782,14077
SE9,62852,30305,32547
SG1,51250,25558,25692
SG10,2087,987,1100
SG11,7969,3981,3988
SG12,30067,14806,15261
SG13,16643,8273,8370
SG14,18798,9128,9670
SG15,5584,2765,2819
SG16,6110,3070,3040
SG17,12203,6034,6169
SG18,24128,11939,12189
SG19,24097,11976,12121
SG2,42112,20703,21409
SG3,7068,3458,3610
SG4,29212,14283,14929
SG5,31407,15463,15944
SG6,33249,16071,17178
SG7,13276,6565,6711
SG8,38277,18937,19340
SG9,9374,4661,4713
SK1,11550,5863,5687
SK10,39804,19467,20337
SK11,36547,17885,18662
SK12,19072,9270,9802
SK13,33090,16207,16883
SK14,46233,22616,23617
SK15,27424,13574,13850
SK16,19645,9687,9958
SK17,32207,15956,16251
SK2,28909,14270,14639
SK22,12230,6060,6170
SK23,17125,8459,8666
SK3,28387,13805,14582
SK4,34804,17142,17662
SK5,29154,14252,14902
SK6,50813,24694,26119
SK7,40454,19599,20855
SK8,58346,28373,29973
SK9,38001,18431,19570
SL0,11119,5522,5597
SL1,70804,35596,35208
SL2,53290,26219,27071
SL3,45163,22355,22808
SL4,43347,21828,21519
SL5,23870,11319,12551
SL6,77837,38208,39629
SL7,20946,10208,10738
SL8,6448,3121,3327
SL9,20783,9942,10841
SM1,38062,18564,19498
SM2,27688,13680,14008
SM3,21018,10274,10744
SM4,36841,18277,18564
SM5,38682,18645,20037
SM6,36494,17557,18937
SM7,18263,8686,9577
SN1,29665,15815,13850
SN10,31544,15459,16085
SN11,22358,10816,11542
SN12,25211,12362,12849
SN13,16529,7961,8568
SN14,28083,14015,14068
SN15,35109,17587,17522
SN16,13831,6853,6978
SN2,41148,20507,20641
SN25,35205,17551,17654
SN26,1827,900,927
SN3,51117,25045,26072
SN4,27628,13545,14083
SN5,33001,16403,16598
SN6,21161,10425,10736
SN7,13484,6632,6852
SN8,24018,11749,12269
SN9,8130,3936,4194
SO14,27451,15047,12404
SO15,42112,21540,20572
SO16,65918,32462,33456
SO17,19322,10115,9207
SO18,36990,18244,18746
SO19,56342,27560,28782
SO20,8081,4047,4034
SO21,19557,9631,9926
SO22,28611,13684,14927
SO23,22364,10897,11467
SO24,11324,5479,5845
SO30,32278,15657,16621
SO31,44733,22006,22727
SO32,19752,9552,10200
SO40,41855,20598,21257
SO41,31388,14760,16628
SO42,5273,2566,2707
SO43,4391,2128,2263
SO45,34987,16970,18017
SO50,46390,23116,23274
SO51,26578,12780,13798
SO52,7037,3416,3621
SO53,32459,15774,16685
SP1,21491,10130,11361
SP10,40652,19851,20801
SP11,23446,11745,11701
SP2,29309,14160,15149
SP3,11303,5480,5823
SP4,31111,15960,15151
SP5,22361,10826,11535
SP6,14047,6863,7184
SP7,13556,6583,6973
SP8,14570,7131,7439
SP9,10678,6395,4283
SR1,5414,2918,2496
SR2,32933,16525,16408
SR3,39412,18838,20574
SR4,41580,20019,21561
SR5,34792,16632,18160
SR6,30086,14534,15552
SR7,31165,15237,15928
SR8,35444,17253,18191
SS0,41454,20701,20753
SS1,25953,12790,13163
SS11,16738,8180,8558
SS12,18029,8797,9232
SS13,22124,10822,11302
SS14,24915,11783,13132
SS15,30263,14554,15709
SS16,29490,14468,15022
SS17,32823,16003,16820
SS2,36455,17820,18635
SS3,28604,13854,14750
SS4,20993,10216,10777
SS5,21540,10584,10956
SS6,31792,15535,16257
SS7,49256,23964,25292
SS8,38170,18664,19506
SS9,50078,24259,25819
ST1,29860,15458,14402
ST10,25598,12756,12842
ST11,9995,4939,5056
ST12,3809,1841,1968
ST13,27981,13670,14311
ST14,20545,10604,9941
ST15,21412,10442,10970
ST16,30955,16257,14698
ST17,39718,19491,20227
ST18,16223,8347,7876
ST19,14751,7177,7574
ST2,34192,16563,17629
ST20,6711,3323,3388
ST21,5674,2690,2984
ST3,67670,33361,34309
ST4,57197,29056,28141
ST5,82400,40707,41693
ST6,64454,31697,32757
ST7,52883,26101,26782
ST8,20375,9932,10443
ST9,11665,5725,5940
SW10,18478,8978,9500
SW11,71717,34862,36855
SW12,31586,15262,16324
SW13,16190,7796,8394
SW14,16830,8115,8715
SW15,60456,28410,32046
SW16,80927,39668,41259
SW17,64215,31164,33051
SW18,58992,29394,29598
SW19,77676,38223,39453
SW1A,246,150,96
SW1E,919,569,350
SW1H,734,408,326
SW1P,13508,7052,6456
SW1V,22574,11181,11393
SW1W,8557,4276,4281
SW1X,6026,3122,2904
SW1Y,550,325,225
SW2,54331,26851,27480
SW20,28275,13769,14506
SW3,22170,10818,11352
SW4,39586,19791,19795
SW5,15493,8079,7414
SW6,65149,31294,33855
SW7,19852,10528,9324
SW8,36408,18537,17871
SW9,43399,21965,21434
SY1,26536,13310,13226
SY10,14663,7234,7429
SY11,27014,13148,13866
SY12,8250,4096,4154
SY13,19549,9700,9849
SY14,5644,2760,2884
SY15,5199,2571,2628
SY16,16232,8058,8174
SY17,3553,1788,1765
SY18,4648,2339,2309
SY19,1169,601,568
SY2,17535,8563,8972
SY20,6921,3401,3520
SY21,16250,8038,8212
SY22,9534,4745,4789
SY23,30858,15619,15239
SY24,4663,2285,2378
SY25,4343,2122,2221
SY3,33785,16550,17235
SY4,24540,12182,12358
SY5,21288,10595,10693
SY6,6554,3145,3409
SY7,11884,5969,5915
SY8,18633,9095,9538
SY9,2895,1417,1478
TA1,39473,18831,20642
TA10,9270,4495,4775
TA11,9166,4401,4765
TA12,6353,3079,3274
TA13,3973,1897,2076
TA14,2986,1459,1527
TA15,831,413,418
TA16,1979,964,1015
TA17,442,207,235
TA18,10039,4845,5194
TA19,11688,5613,6075
TA2,26524,13095,13429
TA20,20332,10033,10299
TA21,18155,8774,9381
TA22,2619,1257,1362
TA23,5681,2765,2916
TA24,18650,8782,9868
TA3,14412,6994,7418
TA4,18849,9115,9734
TA5,10155,4998,5157
TA6,46320,22815,23505
TA7,14982,7327,7655
TA8,16938,8077,8861
TA9,12380,6106,6274
TD12,1163,584,579
TD15,17161,8262,8899
TF1,37144,18320,18824
TF10,18398,9187,9211
TF11,9907,4940,4967
TF12,5609,2756,2853
TF13,3696,1764,1932
TF2,38813,19163,19650
TF3,23954,11993,11961
TF4,18198,9022,9176
TF5,5346,2684,2662
TF6,4997,2501,2496
TF7,17631,8583,9048
TF8,2903,1483,1420
TF9,25465,12956,12509
TN1,11247,5796,5451
TN10,16283,7763,8520
TN11,13872,6814,7058
TN12,29475,14556,14919
TN13,24993,12146,12847
TN14,14970,7342,7628
TN15,24338,11877,12461
TN16,19293,9465,9828
TN17,14720,7022,7698
TN18,6612,3268,3344
TN19,5000,2477,2523
TN2,28428,13782,14646
TN20,3718,1798,1920
TN21,15983,7737,8246
TN22,26183,12726,13457
TN23,39896,19561,20335
TN24,31619,15292,16327
TN25,15556,7565,7991
TN26,11182,5435,5747
TN27,12404,6004,6400
TN28,8455,4151,4304
TN29,13757,6802,6955
TN3,11722,5713,6009
TN30,9307,4350,4957
TN31,13542,6581,6961
TN32,5238,2577,2661
TN33,12745,6142,6603
TN34,29691,14439,15252
TN35,17207,8289,8918
TN36,2303,1102,1201
TN37,20561,10191,10370
TN38,29035,14085,14950
TN39,25768,11947,13821
TN4,32239,15860,16379
TN40,17422,8061,9361
TN5,8756,4225,4531
TN6,24430,11991,12439
TN7,2151,1081,1070
TN8,12680,6113,6567
TN9,18035,9106,8929
TQ1,31701,15437,16264
TQ10,4029,1903,2126
TQ11,4133,2011,2122
TQ12,52994,26002,26992
TQ13,23134,11180,11954
TQ14,19461,9242,10219
TQ2,33544,16287,17257
TQ3,30368,14582,15786
TQ4,18647,8839,9808
TQ5,19304,9246,10058
TQ6,8267,4131,4136
TQ7,16492,7859,8633
TQ8,2071,993,1078
TQ9,17259,8163,9096
TR1,20534,9734,10800
TR10,11258,5527,5731
TR11,28826,13767,15059
TR12,9584,5053,4531
TR13,19823,9612,10211
TR14,24632,11931,12701
TR15,20094,9822,10272
TR16,14160,6900,7260
TR17,1447,670,777
TR18,19872,9399,10473
TR19,9033,4423,4610
TR2,9465,4506,4959
TR20,9293,4447,4846
TR21,1723,858,865
TR22,169,85,84
TR24,175,93,82
TR25,136,66,70
TR26,11642,5487,6155
TR27,14766,7160,7606
TR3,12399,5963,6436
TR4,11047,5359,5688
TR5,3884,1834,2050
TR6,3516,1701,1815
TR7,20189,9892,10297
TR8,7973,3909,4064
TR9,8224,4026,4198
TS1,17202,9390,7812
TS10,37073,18015,19058
TS11,11945,5793,6152
TS12,22514,11033,11481
TS13,10369,5168,5201
TS14,17627,8542,9085
TS15,12802,6460,6342
TS16,10449,5055,5394
TS17,45119,22149,22970
TS18,24877,12852,12025
TS19,37115,17779,19336
TS2,773,380,393
TS20,20737,10193,10544
TS21,12670,6219,6451
TS22,8506,4163,4343
TS23,30225,14577,15648
TS24,21840,10773,11067
TS25,38827,18631,20196
TS26,25450,12490,12960
TS27,12327,5973,6354
TS28,5277,2545,2732
TS29,6266,3061,3205
TS3,29653,13888,15765
TS4,17229,8409,8820
TS5,39717,19351,20366
TS6,30350,14595,15755
TS7,21787,10551,11236
TS8,21011,10077,10934
TS9,12737,6151,6586
TW1,25392,12557,12835
TW10,19152,9283,9869
TW11,23410,11301,12109
TW12,23010,11031,11979
TW13,36258,18018,18240
TW14,28023,13836,14187
TW15,27462,13483,13979
TW16,20143,9915,10228
TW17,14242,6980,7262
TW18,26173,12897,13276
TW19,16019,7986,8033
TW2,30645,15045,15600
TW20,24845,11856,12989
TW3,40168,20854,19314
TW4,27229,13879,13350
TW5,29463,14978,14485
TW7,37540,18571,18969
TW8,19667,9635,10032
TW9,21631,10601,11030
UB1,40374,20795,19579
UB10,33494,16429,17065
UB2,32239,16614,15625
UB3,48133,24233,23900
UB4,39616,19784,19832
UB5,45955,22458,23497
UB6,51364,26008,25356
UB7,29652,14836,14816
UB8,36604,18683,17921
UB9,14538,7053,7485
W10,34202,16336,17866
W11,31499,15169,16330
W12,48949,23891,25058
W13,32411,16030,16381
W14,37480,18391,19089
W1B,508,260,248
W1D,1544,1004,540
W1F,1510,906,604
W1G,2931,1555,1376
W1H,6289,3371,2918
W1J,1528,887,641
W1K,3015,1655,1360
W1S,151,97,54
W1T,4060,2338,1722
W1U,5651,3016,2635
W1W,4434,2289,2145
W2,48372,25112,23260
W3,52419,26202,26217
W4,44018,21672,22346
W5,49943,24755,25188
W6,35728,17587,18141
W7,28959,13995,14964
W8,20536,10070,10466
W9,37569,18384,19185
WA1,21533,10772,10761
WA10,38648,19149,19499
WA11,40516,19765,20751
WA12,22033,10846,11187
WA13,12830,6280,6550
WA14,27690,13605,14085
WA15,42664,20775,21889
WA16,23544,11379,12165
WA2,40792,20027,20765
WA3,47757,24007,23750
WA4,46673,23149,23524
WA5,58500,28828,29672
WA6,18925,9154,9771
WA7,63271,30948,32323
WA8,61934,30171,31763
WA9,48870,23952,24918
WC1A,545,290,255
WC1B,1667,823,844
WC1E,2282,1205,1077
WC1H,8328,4056,4272
WC1N,7295,3758,3537
WC1R,630,333,297
WC1V,960,506,454
WC1X,7953,3943,4010
WC2B,1907,1092,815
WC2E,905,501,404
WC2H,2491,1350,1141
WC2N,1032,572,460
WD17,15787,7922,7865
WD18,24334,12252,12082
WD19,27375,13212,14163
WD23,25640,12329,13311
WD24,21615,10868,10747
WD25,27808,13466,14342
WD3,40666,19618,21048
WD4,11252,5522,5730
WD5,11497,5641,5856
WD6,37545,18310,19235
WD7,12469,6091,6378
WF1,33897,17091,16806
WF10,45457,22291,23166
WF11,16984,8331,8653
WF12,33976,16808,17168
WF13,27462,13782,13680
WF14,19563,9458,10105
WF15,17697,8674,9023
WF16,12623,6216,6407
WF17,43719,21764,21955
WF2,51023,25144,25879
WF3,32594,15902,16692
WF4,43308,20943,22365
WF5,21231,10369,10862
WF6,21317,10478,10839
WF7,20185,9763,10422
WF8,32376,15802,16574
WF9,39245,19332,19913
WN1,20039,10110,9929
WN2,52772,26292,26480
WN3,29926,14913,15013
WN4,28762,14313,14449
WN5,43781,21684,22097
WN6,39852,19673,20179
WN7,47382,23433,23949
WN8,45969,22373,23596
WR1,8955,4608,4347
WR10,17726,8649,9077
WR11,41614,20648,20966
WR12,5436,2568,2868
WR13,8195,3973,4222
WR14,34207,16533,17674
WR15,7098,3503,3595
WR2,29899,14610,15289
WR3,20472,10058,10414
WR4,26036,12775,13261
WR5,31154,15208,15946
WR6,12091,6041,6050
WR7,4984,2466,2518
WR8,8519,4108,4411
WR9,31028,15069,15959
WS1,27271,13752,13519
WS10,46711,22891,23820
WS11,42593,20853,21740
WS12,35408,17711,17697
WS13,26628,13027,13601
WS14,17105,8748,8357
WS15,36552,17970,18582
WS2,38754,18991,19763
WS3,50097,24517,25580
WS4,16805,8238,8567
WS5,21467,10380,11087
WS6,18183,8931,9252
WS7,29867,14851,15016
WS8,15586,7691,7895
WS9,26660,12999,13661
WV1,16539,8671,7868
WV10,56394,27775,28619
WV11,34571,17074,17497
WV12,25649,12600,13049
WV13,20638,10115,10523
WV14,47169,23149,24020
WV15,7939,3941,3998
WV16,17290,8489,8801
WV2,14720,7418,7302
WV3,28971,14432,14539
WV4,35122,17234,17888
WV5,15883,7783,8100
WV6,44995,22315,22680
WV7,7166,3792,3374
WV8,15580,7440,8140
WV9,7231,3570,3661
YO1,4514,2292,2222
YO10,30493,15068,15425
YO11,22899,11198,11701
YO12,40844,19674,21170
YO13,10111,4825,5286
YO14,11256,5350,5906
YO15,13739,6777,6962
YO16,25475,12134,13341
YO17,21214,10459,10755
YO18,10760,5096,5664
YO19,12914,6157,6757
YO21,14132,6841,7291
YO22,8728,4279,4449
YO23,19324,9361,9963
YO24,29656,14352,15304
YO25,33310,16230,17080
YO26,30202,14771,15431
YO30,26611,13132,13479
YO31,30239,14729,15510
YO32,28270,13359,14911
YO41,10837,5572,5265
YO42,14559,7114,7445
YO43,12288,5995,6293
YO51,5533,2688,2845
YO60,4741,2328,2413
YO61,14004,6751,7253
YO62,12060,6061,5999
YO7,19997,10017,9980
YO8,43729,21532,22197
CF10,14616,7990,6626
CF11,36058,18603,17455
CF14,77856,37320,40536
CF15,17823,8669,9154
CF23,47027,22558,24469
CF24,55860,28777,27083
CF3,42223,19958,22265
CF31,44883,21961,22922
CF32,29905,14689,15216
CF33,14464,7077,7387
CF34,20612,10125,10487
CF35,16152,8727,7425
CF36,16005,7630,8375
CF37,38323,18971,19352
CF38,23277,11364,11913
CF39,28926,14132,14794
CF40,20588,10125,10463
CF41,10755,5242,5513
CF42,13421,6553,6868
CF43,11884,5819,6065
CF44,39211,19064,20147
CF45,19553,9465,10088
CF46,14280,7009,7271
CF47,21886,10708,11178
CF48,27283,13337,13946
CF5,66024,31559,34465
CF61,9983,4800,5183
CF62,41446,20350,21096
CF63,21924,10695,11229
CF64,36574,17636,18938
CF71,9049,4457,4592
CF72,25557,12454,13103
CF81,16431,8115,8316
CF82,20233,9897,10336
CF83,55242,27035,28207
LD1,11341,5607,5734
LD2,5688,2796,2892
LD3,19241,9385,9856
LD4,769,377,392
LD5,1106,572,534
LD6,2681,1297,1384
LD7,4812,2404,2408
LD8,4154,2046,2108
LL11,38337,19063,19274
LL12,28326,13823,14503
LL13,34865,17637,17228
LL14,33424,16502,16922
LL15,10832,5340,5492
LL16,15848,7940,7908
LL17,5276,2567,2709
LL18,40552,19813,20739
LL19,19924,9558,10366
LL20,8317,4163,4154
LL21,6066,3064,3002
LL22,17700,8499,9201
LL23,4362,2174,2188
LL24,1939,1002,937
LL25,474,240,234
LL26,4577,2219,2358
LL27,783,392,391
LL28,14157,6618,7539
LL29,20327,10056,10271
LL30,21886,10380,11506
LL31,9473,4640,4833
LL32,6518,3166,3352
LL33,3877,1920,1957
LL34,4353,2097,2256
LL35,878,447,431
LL36,4675,2218,2457
LL37,526,268,258
LL38,721,357,364
LL39,310,170,140
LL40,4132,2041,2091
LL41,6479,3192,3287
LL42,2522,1237,1285
LL43,467,219,248
LL44,1073,523,550
LL45,645,316,329
LL46,1900,938,962
LL47,550,278,272
LL48,2587,1277,1310
LL49,4651,2283,2368
LL51,630,329,301
LL52,2652,1253,1399
LL53,17223,8521,8702
LL54,11242,5513,5729
LL55,21693,10601,11092
LL56,2284,1145,1139
LL57,27683,13622,14061
LL58,3858,1859,1999
LL59,5630,2733,2897
LL60,3149,1573,1576
LL61,6051,2917,3134
LL62,1704,823,881
LL63,1370,682,688
LL64,1008,489,519
LL65,23674,11783,11891
LL67,1357,672,685
LL68,6385,3166,3219
LL69,595,303,292
LL70,354,172,182
LL71,1726,881,845
LL72,710,334,376
LL73,254,127,127
LL74,2236,1062,1174
LL75,1491,713,778
LL76,324,173,151
LL77,7366,3558,3808
LL78,509,254,255
NP10,23201,11346,11855
NP11,37796,18613,19183
NP12,33524,16434,17090
NP13,19827,9848,9979
NP15,7866,4088,3778
NP16,23955,11765,12190
NP18,17277,8430,8847
NP19,51623,25373,26250
NP20,50789,24880,25909
NP22,22024,10674,11350
NP23,33505,16458,17047
NP24,4966,2469,2497
NP25,15164,7398,7766
NP26,22521,11164,11357
NP4,45537,22307,23230
NP44,47175,22873,24302
NP7,26071,12592,13479
NP8,5547,2719,2828
SA1,47081,24501,22580
SA10,29827,14545,15282
SA11,36588,17945,18643
SA12,32658,15825,16833
SA13,19663,9750,9913
SA14,33963,16563,17400
SA15,36736,17970,18766
SA16,8547,4164,4383
SA17,9407,4595,4812
SA18,29687,14578,15109
SA19,9394,4646,4748
SA2,38386,19070,19316
SA20,3574,1765,1809
SA3,26235,12576,13659
SA31,16923,7997,8926
SA32,7758,3835,3923
SA33,12346,6110,6236
SA34,5398,2685,2713
SA35,715,364,351
SA36,395,210,185
SA37,1287,649,638
SA38,4761,2310,2451
SA39,2321,1168,1153
SA4,44356,21613,22743
SA40,3580,1748,1832
SA41,1882,971,911
SA42,2306,1100,1206
SA43,12535,6100,6435
SA44,11490,5634,5856
SA45,1730,861,869
SA46,2732,1305,1427
SA47,1250,648,602
SA48,8951,4496,4455
SA5,36460,17628,18832
SA6,34182,16705,17477
SA61,14262,6832,7430
SA62,21332,10564,10768
SA63,1112,556,556
SA64,2462,1229,1233
SA65,4379,2095,2284
SA66,3021,1469,1552
SA67,6930,3339,3591
SA68,4305,2114,2191
SA69,3534,1755,1779
SA7,15118,7370,7748
SA70,9731,4689,5042
SA71,10272,5003,5269
SA72,10581,5250,5331
SA73,20354,9910,10444
SA8,12556,6160,6396
SA9,15179,7422,7757